"V1" "V2" "V3" "V4" "V5" "V6" "V7" "V8" "V9" "V10"
"1" -1.43495344068346 2.0500482794011 -0.441096698302162 0.416497989369746 -0.291087081445166 0.0674528172212621 -0.040450561933044 0.161129769406684 0.629547027890187 0.324002109502078
"2" -0.546141216153922 -0.750718763652467 1.38171091068299 -0.649084946524878 0.0753113095440355 0.595817221290472 -1.13400314230596 -1.02110331649807 1.51795150730627 1.89310111370543
"3" 0.842077111323243 1.68667308793763 0.824732793665934 -0.00531363091693457 0.546473289722257 -1.5600400770354 -0.987719097347823 2.96325670838206 -0.0176537932077505 0.858223410875123
"4" -0.772212991625373 -0.338761464101111 1.95142138515029 -0.0832576898994596 -1.49453512557564 -1.34194904550259 -0.361594014649119 -0.0465900274082402 -0.703142958230573 -1.48151794494023
"5" 1.57252746694652 2.40700223734043 -1.14267237072418 -1.22225989159711 -0.181629149906497 0.0803198273601821 0.00630716937077778 0.0739629893046385 -0.282800224581043 -0.151433901531275
"6" -1.07557779835039 0.158203105548073 -0.018079499159199 -0.227569867026779 -0.953233188115871 0.43406106588529 -1.30783567578034 -1.21937627957299 -1.02547492167146 1.27102805076735
"7" 2.50699126084182 -1.81048510929737 1.29227691740174 0.224253242010272 -0.697297224525231 0.0562982244052527 -0.145689474384572 0.847325775750754 -0.460077304707281 0.98265475082954
"8" 0.975551164058382 -0.822745616554605 -1.08258417576406 0.602967404003607 1.27793167433895 0.347022882362055 0.112774927939242 1.11526242518903 0.867223364356818 1.10348781876153
"9" 1.41504095491217 -1.10655759930031 -1.01496904771452 0.0564799599014305 2.46380147987771 0.952290169426014 -0.242400117481686 -0.240741642396343 0.794450694685698 0.359504053622159
"10" -1.24452690133298 0.0605403917529101 0.0947804098059054 1.23907467901255 -0.738441821146159 0.311754442854775 -0.319125950063214 -0.0517702471570332 0.616674536992443 1.02534320694168
